   23    1     351.01
   24    1     350.93
   25    1     350.76
   26    1     350.90
    8    2     350.11
    9    2     350.28
   10    2     349.74
   11    2     349.90
   23    2     351.36
   24    2     351.44
   25    2     351.11
   26    2     351.10
   27    2     350.84
    7    3     349.50
    8    3     349.94
    9    3     349.90
   10    3     349.92
   11    3     349.99
   22    3     351.88
   23    3     351.85
   24    3     351.48
   25    3     351.47
   26    3     351.43
   27    3     351.02
   28    3     351.18
    5    4     348.97
    6    4     349.23
    7    4     349.17
    8    4     349.62
    9    4     349.64
   10    4     349.97
   11    4     349.83
   12    4     350.04
   22    4     352.06
   23    4     352.04
   24    4     351.83
   25    4     351.81
   26    4     351.77
   27    4     351.36
   28    4     351.19
   29    4     351.25
    5    5     348.77
    6    5     348.89
    7    5     349.13
    8    5     349.15
    9    5     349.51
   10    5     349.89
   11    5     349.94
   12    5     350.01
   13    5     350.30
   21    5     352.63
   22    5     352.23
   23    5     352.39
   24    5     352.02
   25    5     352.15
   26    5     351.95
   27    5     351.69
   28    5     351.50
   29    5     351.39
    4    6     347.91
    5    6     348.71
    6    6     348.39
    7    6     348.94
    8    6     348.82
    9    6     349.36
   10    6     349.84
   11    6     349.91
   12    6     349.98
   13    6     350.28
   21    6     352.79
   22    6     352.56
   23    6     352.72
   24    6     352.05
   25    6     352.19
   26    6     352.29
   27    6     352.01
   28    6     351.81
   29    6     351.53
   30    6     350.89
    4    7     348.03
    5    7     348.35
    6    7     348.04
    7    7     348.44
    8    7     348.78
    9    7     349.06
   10    7     349.79
   11    7     349.75
   12    7     350.08
   13    7     350.12
   20    7     352.88
   21    7     352.96
   22    7     352.74
   23    7     352.90
   24    7     352.23
   25    7     352.38
   26    7     352.31
   27    7     352.18
   28    7     351.83
   29    7     351.82
   30    7     351.02
   31    7     351.44
    4    8     347.81
    5    8     347.83
    6    8     348.14
    7    8     348.10
    8    8     348.59
    9    8     348.74
   10    8     349.77
   11    8     349.72
   12    8     350.18
   13    8     349.98
   14    8     350.64
   19    8     351.57
   20    8     353.16
   21    8     352.99
   22    8     352.91
   23    8     352.93
   24    8     352.58
   25    8     352.56
   26    8     352.34
   27    8     352.06
   28    8     352.13
   29    8     351.96
   30    8     351.13
   31    8     351.55
    3    9     347.42
    4    9     347.27
    5    9     347.78
    6    9     348.09
    7    9     347.91
    8    9     348.25
    9    9     348.53
   10    9     349.77
   11    9     349.68
   12    9     350.03
   13    9     349.95
   14    9     350.61
   15    9     350.57
   16    9     351.23
   17    9     351.17
   18    9     351.42
   19    9     351.45
   20    9     353.17
   21    9     353.14
   22    9     352.93
   23    9     353.11
   24    9     352.76
   25    9     352.59
   26    9     352.53
   27    9     352.23
   28    9     352.29
   29    9     351.98
   30    9     351.38
   31    9     351.54
   32    9     351.72
    2   10     346.70
    3   10     347.18
    4   10     347.04
    5   10     347.57
    6   10     347.72
    7   10     347.70
    8   10     347.91
    9   10     348.44
   10   10     349.64
   11   10     349.64
   12   10     349.74
   13   10     350.03
   14   10     350.46
   15   10     350.66
   16   10     351.21
   17   10     351.04
   18   10     351.41
   19   10     351.60
   20   10     353.17
   21   10     353.30
   22   10     353.11
   23   10     353.29
   24   10     352.64
   25   10     352.78
   26   10     352.55
   27   10     352.26
   28   10     352.32
   29   10     352.14
   30   10     351.49
   31   10     351.65
   32   10     351.82
    2   11     346.64
    3   11     346.79
    4   11     346.81
    5   11     347.35
    6   11     347.18
    7   11     347.65
    8   11     347.71
    9   11     348.18
   10   11     349.40
   11   11     349.48
   12   11     349.70
   13   11     350.00
   14   11     350.31
   15   11     350.51
   16   11     351.30
   17   11     351.03
   18   11     351.40
   19   11     351.62
   20   11     353.30
   21   11     353.32
   22   11     353.27
   23   11     353.16
   24   11     352.82
   25   11     352.81
   26   11     352.58
   27   11     352.43
   28   11     352.20
   29   11     352.29
   30   11     351.46
   31   11     351.89
   32   11     351.80
   33   11     351.95
   34   11     352.37
    2   12     346.39
    3   12     346.57
    4   12     346.59
    5   12     347.12
    6   12     346.80
    7   12     347.45
    8   12     347.63
    9   12     347.74
   10   12     349.20
   11   12     349.32
   12   12     349.64
   13   12     349.84
   14   12     350.27
   15   12     350.36
   16   12     351.27
   17   12     351.14
   18   12     351.38
   19   12     351.64
   20   12     353.43
   21   12     353.33
   22   12     353.30
   23   12     353.04
   24   12     352.85
   25   12     352.85
   26   12     352.62
   27   12     352.60
   28   12     352.08
   29   12     352.17
   30   12     351.44
   31   12     351.88
   32   12     352.03
   33   12     351.93
   34   12     352.46
    3   13     346.35
    4   13     346.37
    5   13     346.72
    6   13     346.74
    7   13     347.09
    8   13     347.27
    9   13     347.53
   10   13     348.45
   11   13     348.74
   12   13     349.08
   13   13     349.54
   14   13     350.11
   15   13     350.43
   16   13     351.36
   17   13     351.37
   18   13     351.87
   19   13     352.33
   20   13     352.99
   21   13     353.34
   22   13     353.18
   23   13     352.92
   24   13     352.88
   25   13     352.88
   26   13     352.65
   27   13     352.49
   28   13     352.24
   29   13     352.19
   30   13     351.93
   31   13     351.99
   32   13     352.37
   33   13     352.03
   34   13     352.42
    3   14     346.13
    4   14     345.98
    5   14     346.49
    6   14     346.69
    7   14     346.88
    8   14     346.90
    9   14     347.43
   10   14     348.48
   11   14     348.56
   12   14     349.04
   13   14     349.49
   14   14     349.95
   15   14     350.39
   16   14     351.22
   17   14     351.21
   18   14     351.74
   19   14     352.15
   20   14     353.07
   21   14     353.06
   22   14     353.05
   23   14     352.94
   24   14     352.75
   25   14     352.76
   26   14     352.53
   27   14     352.51
   28   14     352.12
   29   14     352.05
   30   14     352.04
   31   14     351.85
   32   14     352.11
   33   14     352.01
   34   14     352.41
   35   14     352.48
    3   15     346.10
    4   15     345.94
    5   15     346.11
    6   15     346.49
    7   15     346.69
    8   15     346.69
    9   15     347.15
   10   15     349.09
   11   15     348.94
   12   15     349.26
   13   15     349.58
   14   15     349.91
   15   15     350.10
   16   15     350.82
   17   15     350.70
   18   15     351.08
   19   15     351.35
   20   15     353.26
   21   15     353.06
   22   15     353.06
   23   15     352.81
   24   15     352.46
   25   15     352.48
   26   15     352.39
   27   15     352.24
   28   15     351.73
   29   15     351.72
   30   15     351.50
   31   15     351.44
   32   15     351.72
   33   15     351.87
   34   15     352.27
   35   15     352.47
    3   16     345.91
    4   16     345.73
    5   16     345.91
    6   16     346.27
    7   16     346.48
    8   16     346.50
    9   16     346.72
   10   16     349.00
   11   16     348.78
   12   16     349.09
   13   16     349.43
   14   16     349.75
   15   16     349.94
   16   16     350.42
   17   16     350.55
   18   16     350.93
   19   16     351.06
   20   16     352.90
   21   16     352.92
   22   16     352.79
   23   16     352.54
   24   16     352.47
   25   16     352.06
   26   16     352.26
   27   16     351.83
   28   16     351.61
   29   16     351.49
   30   16     351.14
   31   16     351.41
   32   16     351.57
   33   16     351.61
   34   16     352.13
   35   16     352.34
   36   16     352.45
    3   17     345.72
    4   17     345.52
    5   17     346.04
    6   17     345.91
    7   17     346.13
    8   17     346.45
    9   17     346.27
   10   17     348.65
   11   17     348.75
   12   17     348.94
   13   17     349.13
   14   17     349.46
   15   17     349.78
   16   17     350.02
   17   17     350.52
   18   17     350.53
   19   17     350.88
   20   17     352.55
   21   17     352.50
   22   17     352.66
   23   17     352.11
   24   17     352.20
   25   17     351.77
   26   17     351.99
   27   17     351.43
   28   17     351.49
   29   17     351.12
   30   17     350.80
   31   17     351.24
   32   17     351.30
   33   17     351.34
   34   17     351.98
   35   17     352.20
   36   17     352.30
    4   18     345.50
    5   18     345.85
    6   18     345.72
    7   18     345.80
    8   18     346.10
    9   18     345.97
   10   18     348.31
   11   18     348.58
   12   18     348.65
   13   18     348.97
   14   18     349.18
   15   18     349.50
   16   18     349.74
   17   18     350.37
   18   18     350.12
   19   18     350.81
   20   18     352.07
   21   18     352.22
   22   18     352.24
   23   18     351.83
   24   18     351.62
   25   18     351.50
   26   18     351.57
   27   18     351.02
   28   18     351.09
   29   18     350.74
   30   18     350.62
   31   18     350.96
   32   18     351.15
   33   18     351.19
   34   18     351.70
   35   18     351.94
   36   18     352.41
   37   18     352.55
    6   19     345.71
    7   19     345.46
    8   19     345.62
    9   19     345.81
   10   19     348.13
   11   19     348.15
   12   19     348.35
   13   19     348.80
   14   19     348.88
   15   19     349.09
   16   19     349.70
   17   19     349.97
   18   19     349.98
   19   19     350.45
   20   19     351.75
   21   19     351.67
   22   19     351.67
   23   19     351.41
   24   19     351.34
   25   19     350.93
   26   19     351.15
   27   19     350.75
   28   19     350.55
   29   19     350.46
   30   19     350.48
   31   19     350.54
   32   19     350.99
   33   19     350.92
   34   19     351.55
   35   19     351.67
   36   19     352.14
   37   19     352.40
    6   20     345.55
    7   20     345.30
    8   20     345.15
    9   20     345.51
   10   20     347.80
   11   20     347.85
   12   20     348.18
   13   20     348.12
   14   20     348.72
   15   20     348.67
   16   20     349.67
   17   20     349.43
   18   20     349.96
   19   20     350.07
   20   20     351.15
   21   20     351.11
   22   20     351.40
   23   20     350.84
   24   20     350.77
   25   20     350.65
   26   20     350.73
   27   20     350.48
   28   20     350.01
   29   20     350.27
   30   20     350.24
   31   20     350.12
   32   20     350.71
   33   20     350.76
   34   20     351.27
   35   20     351.52
   36   20     351.74
   37   20     352.25
   38   20     352.63
    6   21     345.25
    7   21     345.00
    8   21     345.00
    9   21     344.94
   10   21     347.32
   11   21     347.68
   12   21     347.88
   13   21     347.95
   14   21     348.30
   15   21     348.50
   16   21     349.25
   17   21     349.27
   18   21     349.55
   19   21     349.92
   20   21     350.57
   21   21     350.54
   22   21     350.84
   23   21     350.41
   24   21     350.35
   25   21     350.38
   26   21     350.16
   27   21     349.93
   28   21     349.87
   29   21     349.81
   30   21     349.88
   31   21     349.83
   32   21     350.30
   33   21     350.72
   34   21     350.88
   35   21     351.23
   36   21     351.59
   37   21     351.97
   38   21     352.21
    6   22     344.98
    7   22     344.70
    8   22     344.72
    9   22     344.67
   10   22     347.15
   11   22     347.38
   12   22     347.31
   13   22     348.04
   14   22     347.75
   15   22     348.45
   16   22     348.83
   17   22     348.97
   18   22     349.25
   19   22     349.63
   20   22     349.86
   21   22     350.11
   22   22     350.13
   23   22     349.99
   24   22     349.92
   25   22     349.96
   26   22     349.59
   27   22     349.52
   28   22     349.59
   29   22     349.44
   30   22     349.55
   31   22     349.68
   32   22     349.88
   33   22     350.56
   34   22     350.59
   35   22     350.95
   36   22     351.43
   37   22     351.69
   38   22     352.05
    6   23     344.85
    7   23     344.75
    8   23     344.44
    9   23     344.54
   10   23     346.99
   11   23     346.95
   12   23     347.00
   13   23     347.74
   14   23     347.57
   15   23     348.15
   16   23     348.54
   17   23     348.55
   18   23     348.95
   19   23     349.32
   20   23     349.17
   21   23     349.83
   22   23     349.42
   23   23     349.42
   24   23     349.35
   25   23     349.53
   26   23     349.16
   27   23     349.37
   28   23     349.17
   29   23     349.27
   30   23     349.29
   31   23     349.66
   32   23     349.72
   33   23     350.16
   34   23     350.31
   35   23     350.79
   36   23     351.14
   37   23     351.53
   38   23     351.75
    6   24     344.59
    7   24     344.80
    8   24     344.48
    9   24     344.26
   10   24     346.58
   11   24     346.78
   12   24     346.83
   13   24     347.32
   14   24     347.40
   15   24     347.85
   16   24     348.12
   17   24     348.39
   18   24     348.52
   19   24     349.10
   20   24     348.64
   21   24     349.26
   22   24     348.98
   23   24     348.85
   24   24     348.92
   25   24     349.09
   26   24     348.87
   27   24     349.08
   28   24     348.87
   29   24     349.15
   30   24     349.11
   31   24     349.51
   32   24     349.57
   33   24     349.75
   34   24     350.27
   35   24     350.38
   36   24     350.98
   37   24     351.36
   38   24     351.45
   39   24     352.06
    6   25     344.50
    7   25     344.68
    8   25     344.24
    9   25     344.10
   10   25     346.18
   11   25     346.62
   12   25     346.80
   13   25     346.89
   14   25     347.23
   15   25     347.55
   16   25     347.82
   17   25     348.09
   18   25     348.49
   19   25     348.71
   20   25     348.00
   21   25     348.55
   22   25     348.68
   23   25     348.56
   24   25     348.48
   25   25     348.80
   26   25     348.58
   27   25     348.63
   28   25     348.70
   29   25     349.09
   30   25     349.02
   31   25     349.24
   32   25     349.42
   33   25     349.59
   34   25     350.11
   35   25     350.09
   36   25     350.94
   37   25     351.07
   38   25     351.42
   39   25     351.74
   40   25     358.39
    6   26     344.71
    7   26     344.42
    8   26     344.13
    9   26     344.07
   10   26     345.97
   11   26     346.47
   12   26     346.63
   13   26     346.73
   14   26     347.06
   15   26     347.25
   16   26     347.65
   17   26     347.79
   18   26     348.33
   19   26     348.41
   20   26     347.55
   21   26     347.96
   22   26     348.24
   23   26     348.25
   24   26     348.19
   25   26     348.51
   26   26     348.27
   27   26     348.45
   28   26     348.66
   29   26     348.93
   30   26     349.17
   31   26     348.98
   32   26     349.40
   33   26     349.56
   34   26     349.83
   35   26     349.92
   36   26     350.77
   37   26     350.91
   38   26     351.38
   39   26     351.57
   40   26     358.68
    6   27     344.78
    7   27     344.62
    8   27     344.62
    9   27     344.59
   10   27     345.82
   11   27     346.18
   12   27     346.08
   13   27     346.57
   14   27     346.77
   15   27     347.22
   16   27     347.48
   17   27     347.75
   18   27     348.17
   19   27     348.47
   20   27     347.98
   21   27     348.23
   22   27     348.36
   23   27     348.38
   24   27     348.18
   25   27     348.19
   26   27     347.81
   27   27     347.83
   28   27     347.90
   29   27     347.97
   30   27     348.21
   31   27     348.08
   32   27     348.62
   33   27     349.04
   34   27     349.55
   35   27     349.87
   36   27     350.85
   37   27     351.54
   38   27     352.29
   39   27     353.09
   40   27     357.21
   41   27     358.05
    6   28     344.70
    7   28     344.66
    8   28     344.54
    9   28     344.61
   10   28     345.82
   11   28     345.91
   12   28     346.08
   13   28     346.56
   14   28     346.62
   15   28     347.08
   16   28     347.34
   17   28     347.71
   18   28     347.74
   19   28     348.29
   20   28     347.50
   21   28     347.62
   22   28     348.14
   23   28     348.03
   24   28     348.11
   25   28     347.98
   26   28     347.89
   27   28     347.75
   28   28     348.23
   29   28     348.06
   30   28     348.49
   31   28     348.46
   32   28     348.85
   33   28     349.02
   34   28     349.66
   35   28     349.98
   36   28     350.71
   37   28     351.26
   38   28     351.89
   39   28     352.83
   40   28     357.64
   41   28     358.20
   42   28     359.08
    6   29     344.60
    7   29     344.26
    8   29     344.31
    9   29     344.15
   10   29     346.00
   11   29     346.07
   12   29     346.23
   13   29     346.58
   14   29     346.64
   15   29     346.96
   16   29     347.08
   17   29     347.42
   18   29     347.41
   19   29     347.62
   20   29     346.10
   21   29     346.53
   22   29     347.16
   23   29     347.31
   24   29     347.98
   25   29     347.86
   26   29     348.37
   27   29     348.65
   28   29     349.14
   29   29     349.46
   30   29     350.03
   31   29     349.75
   32   29     349.86
   33   29     349.65
   34   29     350.17
   35   29     350.00
   36   29     350.22
   37   29     350.51
   38   29     350.43
   39   29     350.84
   40   29     359.70
   41   29     359.70
   42   29     359.85
    6   30     344.49
    7   30     344.31
    8   30     344.37
    9   30     344.27
   10   30     346.06
   11   30     346.22
   12   30     346.12
   13   30     346.47
   14   30     346.65
   15   30     346.98
   16   30     346.95
   17   30     347.14
   18   30     347.36
   19   30     347.24
   20   30     345.49
   21   30     346.42
   22   30     346.58
   23   30     347.45
   24   30     347.69
   25   30     347.86
   26   30     348.37
   27   30     348.96
   28   30     349.16
   29   30     350.14
   30   30     350.39
   31   30     350.13
   32   30     350.12
   33   30     349.92
   34   30     350.18
   35   30     350.16
   36   30     350.25
   37   30     350.55
   38   30     350.35
   39   30     350.55
   40   30     359.85
   41   30     359.85
    6   31     344.53
    7   31     344.49
    8   31     344.26
    9   31     344.51
   10   31     346.29
   11   31     346.10
   12   31     346.28
   13   31     346.36
   14   31     346.80
   15   31     347.00
   16   31     346.69
   17   31     347.13
   18   31     347.04
   19   31     347.14
   20   31     344.99
   21   31     346.13
   22   31     346.27
   23   31     347.41
   24   31     347.52
   25   31     347.98
   26   31     348.34
   27   31     349.26
   28   31     349.32
   29   31     350.66
   30   31     350.64
   31   31     350.65
   32   31     350.39
   33   31     350.18
   34   31     350.33
   35   31     350.32
   36   31     350.43
   37   31     350.46
   38   31     350.41
   39   31     350.55
   40   31       0.15
    5   32     344.51
    6   32     344.55
    7   32     344.66
    8   32     344.45
    9   32     344.69
   10   32     346.26
   11   32     346.26
   12   32     346.58
   13   32     346.27
   14   32     346.72
   15   32     347.02
   16   32     346.45
   17   32     347.13
   18   32     346.72
   19   32     347.06
   20   32     344.87
   21   32     345.66
   22   32     346.06
   23   32     347.22
   24   32     347.62
   25   32     348.08
   26   32     348.62
   27   32     349.39
   28   32     349.75
   29   32     350.87
   30   32     351.04
   31   32     350.93
   32   32     350.53
   33   32     350.58
   34   32     350.62
   35   32     350.49
   36   32     350.48
   37   32     350.53
   38   32     350.60
   39   32     350.67
   40   32       0.15
    5   33     344.50
    6   33     344.40
    7   33     344.81
    8   33     344.61
    9   33     344.86
   10   33     346.26
   11   33     346.56
   12   33     346.62
   13   33     346.57
   14   33     346.51
   15   33     346.93
   16   33     346.48
   17   33     346.99
   18   33     346.56
   19   33     346.85
   20   33     344.86
   21   33     345.46
   22   33     346.14
   23   33     347.01
   24   33     347.69
   25   33     348.18
   26   33     348.74
   27   33     349.36
   28   33     350.34
   29   33     350.93
   30   33     351.31
   31   33     351.07
   32   33     350.80
   33   33     350.86
   34   33     350.77
   35   33     350.90
   36   33     350.78
   37   33     350.72
   38   33     350.80
   39   33     350.90
   40   33       0.00
    5   34     344.34
    6   34     344.38
    7   34     344.81
    8   34     344.74
    9   34     345.14
   10   34     346.42
   11   34     346.73
   12   34     346.53
   13   34     346.74
   14   34     346.56
   15   34     346.71
   16   34     346.64
   17   34     346.86
   18   34     346.55
   19   34     346.65
   20   34     344.81
   21   34     345.70
   22   34     346.38
   23   34     346.76
   24   34     347.94
   25   34     348.12
   26   34     348.84
   27   34     349.64
   28   34     350.33
   29   34     351.03
   30   34     351.31
   31   34     351.20
   32   34     350.94
   33   34     350.99
   34   34     351.04
   35   34     351.19
   36   34     351.19
   37   34     351.15
   38   34     351.13
   39   34     351.37
    5   35     344.14
    6   35     344.51
    7   35     344.94
    8   35     344.88
    9   35     345.26
   10   35     346.59
   11   35     346.76
   12   35     346.58
   13   35     346.67
   14   35     346.74
   15   35     346.63
   16   35     346.67
   17   35     346.75
   18   35     346.52
   19   35     346.62
   20   35     345.04
   21   35     345.95
   22   35     346.62
   23   35     347.16
   24   35     347.89
   25   35     348.20
   26   35     349.12
   27   35     349.62
   28   35     350.19
   29   35     351.00
   30   35     351.26
   31   35     351.20
   32   35     350.94
   33   35     351.13
   34   35     351.43
   35   35     351.46
   36   35     351.34
   37   35     351.82
   38   35     351.69
    5   36     344.22
    6   36     344.64
    7   36     344.90
    8   36     345.14
    9   36     345.23
   10   36     346.93
   11   36     346.80
   12   36     346.63
   13   36     346.61
   14   36     346.92
   15   36     346.69
   16   36     346.57
   17   36     346.65
   18   36     346.64
   19   36     346.45
   20   36     345.60
   21   36     346.22
   22   36     347.05
   23   36     347.58
   24   36     347.99
   25   36     348.65
   26   36     349.08
   27   36     349.45
   28   36     350.22
   29   36     350.71
   30   36     351.02
   31   36     351.04
   32   36     350.93
   33   36     351.24
   34   36     351.68
   35   36     351.83
   36   36     351.73
   37   36     352.34
   38   36     352.37
    5   37     344.47
    6   37     344.75
    7   37     344.84
    8   37     345.09
    9   37     345.48
   10   37     347.12
   11   37     346.84
   12   37     346.82
   13   37     346.67
   14   37     346.86
   15   37     346.76
   16   37     346.62
   17   37     346.54
   18   37     346.78
   19   37     346.29
   20   37     346.34
   21   37     346.69
   22   37     347.35
   23   37     347.89
   24   37     348.29
   25   37     348.96
   26   37     348.90
   27   37     349.64
   28   37     349.94
   29   37     350.49
   30   37     350.82
   31   37     350.86
   32   37     350.89
   33   37     351.47
   34   37     351.66
   35   37     352.08
   36   37     352.35
   37   37     352.73
   38   37     353.29
    5   38     344.42
    6   38     344.52
    7   38     344.94
    8   38     345.04
    9   38     345.70
   10   38     347.02
   11   38     346.89
   12   38     346.88
   13   38     346.87
   14   38     346.80
   15   38     346.82
   16   38     346.66
   17   38     346.69
   18   38     346.79
   19   38     346.26
   20   38     346.98
   21   38     347.19
   22   38     347.69
   23   38     348.23
   24   38     348.46
   25   38     348.95
   26   38     349.09
   27   38     349.51
   28   38     349.84
   29   38     350.50
   30   38     350.65
   31   38     350.66
   32   38     350.95
   33   38     351.68
   34   38     351.75
   35   38     352.43
   36   38     352.71
   37   38     353.35
   38   38     353.93
    5   39     344.18
    6   39     344.43
    7   39     345.05
    8   39     345.14
    9   39     345.63
   10   39     346.93
   11   39     347.08
   12   39     346.82
   13   39     346.94
   14   39     346.87
   15   39     346.86
   16   39     346.71
   17   39     346.85
   18   39     346.65
   19   39     346.40
   20   39     347.35
   21   39     347.72
   22   39     348.23
   23   39     348.42
   24   39     348.65
   25   39     349.16
   26   39     349.46
   27   39     349.39
   28   39     350.08
   29   39     350.42
   30   39     350.39
   31   39     350.43
   32   39     351.14
   33   39     351.62
   34   39     352.09
   35   39     352.76
   36   39     353.07
   37   39     353.96
   38   39     354.44
    5   40     344.09
    6   40     344.66
    7   40     345.00
    8   40     345.21
    9   40     345.70
   10   40     347.14
   11   40     346.99
   12   40     346.88
   13   40     347.01
   14   40     346.82
   15   40     346.93
   16   40     346.75
   17   40     346.88
   18   40     346.52
   19   40     346.54
   20   40     347.73
   21   40     348.29
   22   40     348.62
   23   40     348.64
   24   40     349.03
   25   40     349.37
   26   40     349.52
   27   40     349.79
   28   40     350.02
   29   40     350.40
   30   40     350.04
   31   40     350.44
   32   40     351.18
   33   40     351.55
   34   40     352.42
   35   40     352.97
   36   40     353.66
   37   40     354.32
   38   40     355.08
    5   41     344.16
    6   41     344.74
    7   41     344.94
    8   41     345.14
    9   41     345.79
   10   41     346.34
   11   41     346.48
   12   41     346.55
   13   41     346.82
   14   41     346.78
   15   41     347.00
   16   41     347.05
   17   41     347.29
   18   41     347.21
   19   41     347.25
   20   41     348.28
   21   41     348.55
   22   41     348.86
   23   41     348.87
   24   41     349.25
   25   41     349.42
   26   41     349.58
   27   41     350.04
   28   41     350.13
   29   41     350.45
   30   41     350.40
   31   41     350.86
   32   41     351.34
   33   41     351.97
   34   41     352.62
   35   41     353.04
   36   41     354.01
   37   41     354.30
   38   41     355.19
    5   42     344.21
    6   42     344.80
    7   42     345.03
    8   42     345.05
    9   42     345.83
   10   42     346.27
   11   42     346.50
   12   42     346.72
   13   42     346.75
   14   42     346.95
   15   42     346.93
   16   42     347.10
   17   42     347.33
   18   42     347.38
   19   42     347.28
   20   42     348.87
   21   42     348.52
   22   42     348.98
   23   42     349.36
   24   42     349.37
   25   42     349.53
   26   42     349.86
   27   42     349.99
   28   42     350.57
   29   42     350.28
   30   42     350.52
   31   42     350.88
   32   42     351.35
   33   42     352.25
   34   42     352.78
   35   42     353.21
   36   42     354.20
   37   42     354.75
   38   42     355.54
    5   43     344.10
    6   43     344.71
    7   43     345.11
    8   43     345.26
    9   43     345.84
   10   43     347.22
   11   43     346.92
   12   43     347.12
   13   43     346.90
   14   43     347.10
   15   43     346.72
   16   43     347.02
   17   43     346.86
   18   43     346.89
   19   43     346.64
   20   43     349.15
   21   43     348.87
   22   43     349.34
   23   43     349.74
   24   43     349.57
   25   43     349.73
   26   43     350.21
   27   43     350.13
   28   43     350.51
   29   43     350.20
   30   43     349.93
   31   43     350.65
   32   43     351.09
   33   43     352.38
   34   43     352.78
   35   43     353.59
   36   43     354.73
   37   43     355.58
   38   43     356.14
    5   44     344.33
    6   44     344.62
    7   44     345.04
    8   44     345.18
    9   44     345.87
   10   44     347.15
   11   44     346.93
   12   44     347.01
   13   44     347.05
   14   44     346.89
   15   44     346.88
   16   44     347.06
   17   44     346.91
   18   44     346.94
   19   44     346.71
   20   44     349.43
   21   44     349.22
   22   44     349.70
   23   44     349.95
   24   44     349.95
   25   44     349.92
   26   44     350.22
   27   44     350.46
   28   44     350.30
   29   44     350.35
   30   44     349.98
   31   44     350.67
   32   44     351.36
   33   44     352.51
   34   44     352.90
   35   44     354.11
   36   44     355.15
   37   44     355.90
   38   44     356.49
    4   45     344.05
    5   45     344.56
    6   45     344.52
    7   45     345.27
    8   45     344.96
    9   45     345.91
   10   45     347.07
   11   45     346.93
   12   45     347.16
   13   45     347.07
   14   45     346.80
   15   45     346.92
   16   45     346.98
   17   45     347.08
   18   45     347.00
   19   45     346.78
   20   45     349.88
   21   45     349.56
   22   45     350.06
   23   45     350.16
   24   45     350.16
   25   45     350.11
   26   45     350.41
   27   45     350.45
   28   45     350.42
   29   45     350.54
   30   45     350.24
   31   45     350.68
   32   45     351.63
   33   45     352.90
   34   45     353.16
   35   45     354.65
   36   45     355.32
   37   45     356.09
   38   45     357.12
   39   45     358.07
   40   45     359.34
    4   46     344.31
    5   46     344.46
    6   46     344.61
    7   46     345.19
    8   46     345.35
    9   46     345.67
   10   46     347.12
   11   46     346.95
   12   46     347.29
   13   46     346.84
   14   46     346.95
   15   46     346.94
   16   46     346.90
   17   46     346.98
   18   46     347.19
   19   46     346.85
   20   46     350.19
   21   46     350.07
   22   46     350.44
   23   46     350.19
   24   46     350.19
   25   46     350.49
   26   46     350.78
   27   46     350.45
   28   46     350.72
   29   46     350.60
   30   46     350.47
   31   46     351.13
   32   46     351.76
   33   46     353.32
   34   46     353.56
   35   46     354.81
   36   46     355.64
   37   46     356.43
   38   46     357.63
   39   46     358.33
   40   46     359.22
    4   47     344.22
    5   47     344.72
    6   47     344.70
    7   47     344.97
    8   47     345.75
    9   47     345.43
   10   47     347.03
   11   47     346.95
   12   47     347.17
   13   47     346.87
   14   47     346.85
   15   47     347.20
   16   47     346.94
   17   47     346.89
   18   47     347.36
   19   47     346.93
   20   47     350.50
   21   47     350.42
   22   47     350.64
   23   47     350.41
   24   47     350.59
   25   47     350.71
   26   47     350.97
   27   47     350.62
   28   47     350.88
   29   47     350.68
   30   47     350.53
   31   47     351.72
   32   47     352.33
   33   47     353.32
   34   47     354.12
   35   47     354.97
   36   47     355.97
   37   47     356.78
   38   47     358.02
   39   47     358.61
   40   47     359.23
    4   48     344.32
    5   48     344.65
    6   48     344.95
    7   48     345.06
    8   48     345.54
    9   48     345.50
   10   48     346.93
   11   48     346.95
   12   48     346.93
   13   48     346.88
   14   48     346.86
   15   48     347.22
   16   48     346.97
   17   48     347.05
   18   48     347.39
   19   48     347.13
   20   48     350.82
   21   48     350.93
   22   48     350.86
   23   48     350.64
   24   48     351.15
   25   48     350.75
   26   48     351.00
   27   48     350.96
   28   48     350.86
   29   48     350.80
   30   48     350.85
   31   48     352.04
   32   48     352.77
   33   48     353.62
   34   48     354.56
   35   48     355.43
   36   48     356.16
   37   48     357.15
   38   48     358.42
   39   48     358.90
   40   48     359.23
    4   49     344.60
    5   49     344.61
    6   49     345.04
    7   49     345.17
    8   49     345.51
    9   49     345.42
   10   49     346.94
   11   49     346.80
   12   49     346.95
   13   49     346.77
   14   49     346.88
   15   49     347.24
   16   49     346.98
   17   49     347.20
   18   49     347.54
   19   49     347.32
   20   49     350.98
   21   49     351.44
   22   49     350.90
   23   49     351.03
   24   49     351.37
   25   49     350.79
   26   49     351.21
   27   49     351.33
   28   49     350.85
   29   49     350.94
   30   49     351.47
   31   49     352.38
   32   49     353.23
   33   49     354.08
   34   49     355.03
   35   49     355.77
   36   49     356.37
   37   49     357.68
   38   49     358.40
   39   49     359.36
    4   50     344.69
    5   50     344.73
    6   50     345.17
    7   50     345.13
    8   50     345.47
    9   50     345.37
   10   50     346.81
   11   50     346.65
   12   50     347.06
   13   50     346.65
   14   50     347.01
   15   50     347.13
   16   50     347.24
   17   50     347.34
   18   50     347.56
   19   50     347.49
   20   50     351.30
   21   50     351.65
   22   50     351.29
   23   50     351.25
   24   50     351.42
   25   50     351.01
   26   50     351.76
   27   50     351.17
   28   50     351.19
   29   50     351.10
   30   50     351.93
   31   50     353.03
   32   50     353.72
   33   50     354.56
   34   50     355.37
   35   50     356.13
   36   50     356.75
   37   50     357.78
   38   50     358.52
    4   51     344.82
    5   51     344.85
    6   51     345.32
    7   51     344.93
    8   51     345.44
    9   51     345.36
   10   51     346.64
   11   51     346.64
   12   51     346.93
   13   51     346.76
   14   51     347.01
   15   51     347.14
   16   51     347.24
   17   51     347.47
   18   51     347.70
   19   51     347.80
   20   51     351.95
   21   51     351.68
   22   51     351.68
   23   51     351.29
   24   51     351.65
   25   51     351.41
   26   51     351.97
   27   51     351.19
   28   51     351.53
   29   51     351.12
   30   51     352.56
   31   51     353.56
   32   51     354.24
   33   51     355.07
   34   51     355.73
   35   51     356.35
   36   51     357.14
   37   51     357.90
    4   52     345.14
    5   52     345.00
    6   52     344.94
    7   52     345.08
    8   52     345.43
    9   52     345.22
   10   52     346.44
   11   52     346.47
   12   52     346.78
   13   52     346.86
   14   52     346.75
   15   52     347.38
   16   52     347.23
   17   52     347.72
   18   52     347.96
   19   52     348.21
   20   52     352.30
   21   52     351.88
   22   52     351.89
   23   52     351.69
   24   52     351.88
   25   52     351.64
   26   52     351.83
   27   52     351.38
   28   52     351.88
   29   52     350.99
   30   52     353.37
   31   52     354.27
   32   52     354.77
   33   52     355.61
   34   52     356.27
   35   52     356.59
   36   52     357.39
    4   53     345.11
    5   53     345.00
    6   53     344.92
    7   53     345.24
    8   53     345.13
    9   53     345.25
   10   53     346.21
   11   53     346.17
   12   53     346.61
   13   53     346.72
   14   53     346.97
   15   53     347.36
   16   53     347.46
   17   53     347.95
   18   53     348.08
   19   53     348.72
   20   53     352.50
   21   53     352.25
   22   53     352.28
   23   53     351.92
   24   53     352.10
   25   53     351.88
   26   53     351.70
   27   53     351.42
   28   53     352.07
   29   53     351.04
   30   53     354.36
   31   53     355.01
   32   53     355.50
   33   53     356.02
   34   53     356.52
   35   53     357.16
    4   54     345.09
    5   54     345.19
    6   54     345.10
    7   54     345.08
    8   54     345.01
    9   54     345.01
   10   54     345.92
   11   54     345.98
   12   54     346.44
   13   54     346.68
   14   54     347.05
   15   54     347.33
   16   54     347.67
   17   54     348.05
   18   54     348.44
   19   54     349.05
   20   54     352.72
   21   54     352.61
   22   54     352.67
   23   54     351.98
   24   54     352.16
   25   54     352.28
   26   54     351.58
   27   54     351.97
   28   54     351.75
   29   54     351.29
   30   54     355.23
   31   54     355.45
   32   54     356.26
   33   54     356.45
   34   54     356.78
    4   55     345.27
    5   55     345.22
    6   55     345.12
    7   55     345.27
    8   55     345.21
    9   55     345.29
   10   55     345.71
   11   55     346.04
   12   55     346.37
   13   55     346.61
   14   55     347.00
   15   55     347.30
   16   55     347.74
   17   55     348.27
   18   55     348.65
   19   55     349.36
   20   55     351.15
   21   55     351.72
   22   55     351.92
   23   55     351.71
   24   55     352.23
   25   55     352.51
   26   55     352.32
   27   55     353.20
   28   55     353.12
   29   55     353.06
   30   55     355.64
   31   55     355.91
   32   55     356.55
   33   55     356.73
    4   56     345.33
    5   56     345.28
    6   56     344.97
    7   56     345.44
    8   56     345.06
    9   56     345.16
   10   56     345.31
   11   56     345.94
   12   56     346.14
   13   56     346.50
   14   56     347.24
   15   56     347.30
   16   56     347.89
   17   56     348.55
   18   56     348.98
   19   56     349.76
   20   56     351.46
   21   56     351.91
   22   56     352.15
   23   56     351.93
   24   56     352.31
   25   56     352.42
   26   56     352.72
   27   56     353.09
   28   56     353.17
   29   56     353.02
   30   56     356.39
   31   56     356.55
   32   56     356.87
    4   57     345.41
    5   57     345.18
    6   57     345.00
    7   57     345.09
    8   57     344.56
    9   57     344.63
   10   57     344.85
   11   57     345.42
   12   57     345.99
   13   57     346.32
   14   57     347.30
   15   57     347.60
   16   57     348.22
   17   57     348.80
   18   57     349.43
   19   57     350.26
   20   57     353.52
   21   57     353.34
   22   57     353.17
   23   57     352.82
   24   57     352.39
   25   57     352.35
   26   57     352.31
   27   57     352.16
   28   57     351.93
   29   57     351.42
   30   57     357.17
   31   57     357.38
    5   58     345.07
    6   58     344.88
    7   58     344.93
    8   58     344.53
    9   58     344.47
   10   58     344.62
   11   58     345.13
   12   58     345.81
   13   58     346.37
   14   58     347.09
   15   58     347.91
   16   58     348.42
   17   58     349.05
   18   58     349.74
   19   58     350.84
   20   58     353.79
   21   58     353.52
   22   58     353.21
   23   58     353.23
   24   58     352.48
   25   58     352.77
   26   58     352.41
   27   58     351.93
   28   58     352.18
   29   58     351.45
   30   58     357.65
    5   59     344.97
    6   59     344.59
    7   59     344.97
    8   59     344.66
    9   59     344.16
   10   59     344.36
   11   59     345.10
   12   59     345.62
   13   59     346.40
   14   59     347.24
   15   59     347.95
   16   59     348.61
   17   59     349.29
   18   59     350.19
   19   59     351.24
   20   59     354.08
   21   59     353.70
   22   59     353.42
   23   59     353.30
   24   59     352.74
   25   59     353.03
   26   59     352.50
   27   59     352.04
   28   59     352.12
   29   59     351.46
    4   60     345.70
    5   60     345.06
    6   60     344.65
    7   60     344.82
    8   60     344.51
    9   60     344.16
   10   60     344.22
   11   60     345.20
   12   60     345.52
   13   60     346.29
   14   60     347.52
   15   60     347.99
   16   60     348.79
   17   60     349.53
   18   60     350.49
   19   60     351.48
   20   60     354.23
   21   60     354.03
   22   60     353.32
   23   60     353.36
   24   60     353.15
   25   60     352.80
   26   60     352.60
   27   60     352.29
   28   60     352.22
    4   61     345.31
    5   61     345.13
    6   61     344.87
    7   61     344.67
    8   61     344.21
    9   61     344.31
   10   61     344.05
   11   61     345.28
   12   61     345.41
   13   61     346.57
   14   61     347.40
   15   61     348.15
   16   61     348.97
   17   61     349.77
   18   61     350.63
   19   61     351.84
   20   61     354.23
   21   61     354.20
   22   61     353.21
   23   61     353.59
   24   61     353.23
   25   61     352.89
   26   61     352.70
   27   61     352.39
   28   61     352.47
    4   62     345.27
    5   62     344.72
    6   62     345.07
    7   62     344.71
    8   62     344.20
    9   62     344.31
   10   62     344.19
   11   62     344.94
   12   62     345.71
   13   62     346.72
   14   62     347.54
   15   62     348.29
   16   62     349.03
   17   62     350.00
   18   62     350.65
   19   62     352.17
   20   62     354.24
   21   62     353.92
   22   62     353.42
   23   62     353.81
   24   62     353.30
   25   62     353.13
   26   62     352.95
   27   62     352.64
   28   62     352.55
    5   63     344.79
    6   63     345.11
    7   63     344.56
    8   63     344.49
    9   63     344.14
   10   63     344.32
   11   63     345.01
   12   63     345.88
   13   63     346.59
   14   63     347.83
   15   63     348.45
   16   63     349.07
   17   63     350.24
   18   63     350.81
   19   63     352.22
   20   63     354.24
   21   63     353.64
   22   63     353.61
   23   63     353.86
   24   63     353.38
   25   63     353.21
   26   63     353.19
   27   63     352.88
   28   63     352.63
    5   64     344.86
    6   64     345.15
    7   64     344.41
    8   64     344.62
    9   64     344.25
   10   64     344.30
   11   64     345.23
   12   64     345.77
   13   64     346.88
   14   64     347.83
   15   64     348.48
   16   64     349.27
   17   64     350.21
   18   64     351.26
   19   64     352.26
   20   64     354.09
   21   64     353.81
   22   64     353.64
   23   64     353.76
   24   64     353.44
   25   64     353.29
   26   64     353.26
   27   64     353.11
   28   64     352.70
    5   65     344.74
    6   65     345.03
    7   65     344.40
    8   65     344.59
    9   65     344.48
   10   65     344.46
   11   65     345.18
   12   65     345.80
   13   65     347.32
   14   65     347.69
   15   65     348.65
   16   65     349.34
   17   65     350.17
   18   65     351.57
   19   65     352.31
   20   65     353.79
   21   65     353.98
   22   65     353.52
   23   65     353.81
   24   65     353.50
   25   65     353.51
   26   65     353.33
   27   65     353.33
   28   65     352.75
   29   65     353.21
    4   66     344.76
    5   66     344.93
    6   66     344.55
    7   66     344.70
    8   66     344.55
    9   66     344.69
   10   66     344.48
   11   66     345.42
   12   66     346.12
   13   66     347.20
   14   66     347.70
   15   66     348.83
   16   66     349.42
   17   66     350.28
   18   66     351.44
   19   66     352.37
   20   66     353.63
   21   66     353.98
   22   66     353.40
   23   66     353.99
   24   66     353.40
   25   66     353.56
   26   66     353.54
   27   66     353.24
   28   66     353.10
   29   66     353.35
   30   66     358.10
    4   67     344.48
    5   67     344.96
    6   67     344.37
    7   67     344.83
    8   67     344.63
    9   67     344.72
   10   67     344.51
   11   67     345.53
   12   67     346.46
   13   67     346.93
   14   67     347.88
   15   67     348.87
   16   67     349.49
   17   67     350.40
   18   67     351.32
   19   67     352.42
   20   67     353.63
   21   67     353.83
   22   67     353.43
   23   67     353.73
   24   67     353.59
   25   67     353.61
   26   67     353.75
   27   67     353.29
   28   67     353.44
   29   67     353.47
   30   67     357.50
    4   68     344.37
    5   68     344.82
    6   68     344.53
    7   68     344.61
    8   68     344.72
    9   68     344.73
   10   68     344.71
   11   68     345.48
   12   68     346.36
   13   68     347.11
   14   68     348.08
   15   68     348.75
   16   68     349.58
   17   68     350.38
   18   68     351.36
   19   68     352.32
   20   68     353.61
   21   68     353.68
   22   68     353.44
   23   68     353.47
   24   68     353.64
   25   68     353.81
   26   68     353.80
   27   68     353.64
   28   68     353.47
   29   68     353.57
   30   68     357.24
    4   69     344.41
    5   69     344.65
    6   69     344.69
    7   69     344.88
    8   69     344.97
    9   69     345.20
   10   69     345.71
   11   69     346.04
   12   69     346.57
   13   69     347.45
   14   69     348.28
   15   69     348.49
   16   69     349.52
   17   69     349.90
   18   69     350.78
   19   69     351.48
   20   69     352.51
   21   69     352.78
   22   69     352.86
   23   69     353.21
   24   69     353.54
   25   69     353.86
   26   69     354.14
   27   69     354.27
   28   69     354.39
   29   69     354.54
   30   69     356.68
    4   70     344.61
    5   70     344.30
    6   70     344.65
    7   70     345.01
    8   70     344.90
    9   70     345.27
   10   70     345.70
   11   70     346.17
   12   70     346.65
   13   70     347.35
   14   70     348.20
   15   70     348.42
   16   70     349.64
   17   70     349.72
   18   70     350.65
   19   70     351.36
   20   70     352.36
   21   70     352.48
   22   70     352.87
   23   70     353.08
   24   70     353.72
   25   70     353.74
   26   70     354.03
   27   70     354.30
   28   70     354.56
   29   70     354.66
   30   70     356.27
    4   71     344.43
    5   71     344.11
    6   71     344.45
    7   71     344.63
    8   71     344.66
    9   71     344.76
   10   71     344.81
   11   71     345.67
   12   71     346.45
   13   71     346.96
   14   71     348.16
   15   71     348.55
   16   71     349.61
   17   71     350.04
   18   71     350.99
   19   71     351.83
   20   71     353.30
   21   71     353.08
   22   71     353.32
   23   71     353.24
   24   71     353.74
   25   71     353.62
   26   71     353.60
   27   71     353.88
   28   71     353.69
   29   71     353.91
   30   71     356.58
    5   72     344.22
    6   72     344.41
    7   72     344.25
    8   72     344.57
    9   72     344.72
   10   72     344.74
   11   72     345.49
   12   72     346.56
   13   72     346.73
   14   72     348.12
   15   72     348.52
   16   72     349.26
   17   72     350.06
   18   72     350.85
   19   72     351.53
   20   72     353.18
   21   72     352.92
   22   72     353.32
   23   72     353.24
   24   72     353.32
   25   72     353.64
   26   72     353.48
   27   72     353.75
   28   72     353.85
   29   72     353.89
   30   72     356.59
    5   73     344.00
    6   73     344.19
    7   73     344.01
    8   73     344.51
    9   73     344.65
   10   73     344.53
   11   73     345.45
   12   73     346.51
   13   73     346.68
   14   73     347.74
   15   73     348.49
   16   73     349.09
   17   73     349.73
   18   73     350.55
   19   73     351.40
   20   73     353.04
   21   73     352.76
   22   73     353.32
   23   73     353.25
   24   73     353.05
   25   73     353.51
   26   73     353.49
   27   73     353.62
   28   73     353.86
   29   73     353.72
   30   73     356.45
    5   74     343.78
    6   74     343.62
    7   74     344.10
    8   74     344.42
    9   74     344.40
   10   74     344.50
   11   74     345.25
   12   74     346.14
   13   74     346.80
   14   74     347.53
   15   74     348.29
   16   74     349.08
   17   74     349.23
   18   74     350.43
   19   74     351.11
   20   74     353.05
   21   74     352.75
   22   74     353.02
   23   74     353.12
   24   74     352.92
   25   74     353.38
   26   74     353.51
   27   74     353.63
   28   74     353.57
   29   74     353.55
    5   75     343.71
    6   75     343.23
    7   75     344.03
    8   75     344.13
    9   75     344.31
   10   75     344.49
   11   75     345.06
   12   75     346.09
   13   75     346.58
   14   75     347.51
   15   75     347.91
   16   75     348.72
   17   75     349.25
   18   75     349.96
   19   75     350.81
   20   75     352.91
   21   75     352.58
   22   75     352.72
   23   75     352.97
   24   75     352.79
   25   75     353.39
   26   75     353.25
   27   75     353.50
   28   75     353.72
   29   75     353.37
    5   76     343.31
    6   76     343.14
    7   76     343.77
    8   76     343.88
    9   76     344.18
   10   76     344.48
   11   76     345.05
   12   76     345.88
   13   76     346.36
   14   76     347.31
   15   76     347.72
   16   76     348.18
   17   76     349.44
   18   76     349.48
   19   76     350.35
   20   76     352.60
   21   76     352.41
   22   76     352.58
   23   76     352.68
   24   76     352.81
   25   76     353.26
   26   76     353.26
   27   76     353.22
   28   76     353.73
   29   76     353.34
    5   77     342.92
    6   77     343.04
    7   77     343.49
    8   77     343.79
    9   77     343.88
   10   77     344.51
   11   77     344.85
   12   77     345.68
   13   77     346.14
   14   77     347.10
   15   77     347.52
   16   77     348.19
   17   77     348.94
   18   77     349.52
   19   77     349.70
   20   77     352.45
   21   77     352.25
   22   77     352.42
   23   77     352.39
   24   77     352.68
   25   77     352.99
   26   77     353.41
   27   77     353.08
   28   77     353.58
   29   77     353.17
    5   78     342.69
    6   78     342.95
    7   78     343.38
    8   78     343.50
    9   78     343.75
   10   78     344.38
   11   78     345.02
   12   78     345.66
   13   78     345.93
   14   78     346.91
   15   78     347.32
   16   78     348.02
   17   78     348.43
   18   78     349.05
   19   78     349.42
   20   78     352.13
   21   78     352.22
   22   78     352.12
   23   78     352.24
   24   78     352.54
   25   78     352.85
   26   78     353.14
   27   78     353.24
   28   78     353.43
   29   78     352.99
    5   79     342.60
    6   79     342.86
    7   79     343.11
    8   79     343.20
    9   79     343.76
   10   79     344.25
   11   79     345.22
   12   79     345.66
   13   79     345.92
   14   79     346.89
   15   79     347.14
   16   79     347.49
   17   79     348.27
   18   79     348.76
   19   79     348.98
   20   79     351.79
   21   79     352.19
   22   79     351.81
   23   79     352.10
   24   79     352.39
   25   79     352.86
   26   79     352.72
   27   79     353.10
   28   79     353.43
    4   80     342.50
    5   80     342.34
    6   80     342.76
    7   80     342.83
    8   80     343.24
    9   80     343.61
   10   80     344.52
   11   80     345.25
   12   80     345.87
   13   80     345.74
   14   80     346.70
   15   80     346.96
   16   80     347.52
   17   80     347.78
   18   80     348.48
   19   80     348.57
   20   80     351.73
   21   80     351.70
   22   80     351.64
   23   80     351.95
   24   80     352.25
   25   80     352.58
   26   80     352.72
   27   80     352.81
   28   80     353.58
    4   81     342.44
    5   81     342.09
    6   81     342.66
    7   81     343.06
    8   81     342.94
    9   81     343.61
   10   81     344.81
   11   81     345.66
   12   81     345.73
   13   81     345.78
   14   81     346.74
   15   81     346.80
   16   81     347.55
   17   81     347.30
   18   81     348.04
   19   81     348.21
   20   81     351.47
   21   81     351.20
   22   81     351.47
   23   81     351.79
   24   81     352.25
   25   81     352.29
   26   81     352.73
   27   81     352.96
   28   81     353.42
    4   82     342.19
    5   82     342.18
    6   82     342.90
    7   82     342.95
    8   82     342.96
    9   82     343.61
   10   82     345.14
   11   82     345.93
   12   82     345.99
   13   82     345.83
   14   82     347.18
   15   82     346.47
   16   82     347.24
   17   82     347.02
   18   82     347.97
   19   82     347.57
   20   82     351.00
   21   82     350.99
   22   82     351.28
   23   82     351.63
   24   82     352.09
   25   82     352.29
   26   82     352.58
   27   82     353.10
    4   83     342.29
    5   83     342.44
    6   83     342.96
    7   83     343.19
    8   83     343.36
    9   83     343.97
   10   83     344.95
   11   83     345.65
   12   83     345.88
   13   83     345.92
   14   83     346.87
   15   83     346.55
   16   83     347.36
   17   83     347.32
   18   83     348.12
   19   83     348.08
   20   83     350.11
   21   83     350.60
   22   83     350.94
   23   83     351.32
   24   83     351.78
   25   83     352.42
   26   83     352.72
   27   83     353.23
    4   84     342.55
    5   84     342.87
    6   84     342.86
    7   84     343.79
    8   84     343.45
    9   84     344.30
   10   84     345.56
   11   84     346.18
   12   84     346.03
   13   84     346.47
   14   84     346.83
   15   84     346.88
   16   84     347.12
   17   84     347.66
   18   84     347.72
   19   84     347.80
   20   84     349.76
   21   84     350.52
   22   84     350.73
   23   84     351.41
   24   84     351.44
   25   84     352.52
   26   84     352.68
   27   84     353.19
    4   85     342.94
    5   85     343.30
    6   85     343.10
    7   85     343.86
    8   85     343.55
    9   85     344.47
   10   85     346.94
   11   85     346.96
   12   85     346.85
   13   85     347.09
   14   85     347.25
   15   85     346.89
   16   85     346.95
   17   85     347.27
   18   85     347.15
   19   85     346.89
   20   85     350.02
   21   85     350.76
   22   85     350.96
   23   85     351.48
   24   85     351.34
   25   85     352.45
   26   85     352.60
    5   86     343.74
    6   86     343.55
    7   86     343.79
    8   86     344.20
    9   86     344.70
   10   86     347.36
   11   86     347.35
   12   86     347.09
   13   86     347.52
   14   86     347.08
   15   86     347.33
   16   86     347.19
   17   86     347.29
   18   86     347.15
   19   86     347.08
   20   86     350.09
   21   86     350.68
   22   86     350.73
   23   86     351.40
   24   86     351.69
   25   86     352.22
    5   87     343.83
    6   87     344.16
    7   87     344.07
    8   87     344.67
    9   87     345.14
   10   87     347.78
   11   87     347.55
   12   87     347.32
   13   87     347.95
   14   87     347.33
   15   87     347.58
   16   87     347.43
   17   87     347.51
   18   87     347.33
   19   87     347.45
   20   87     350.17
   21   87     350.60
   22   87     350.64
   23   87     351.47
    5   88     344.09
    6   88     344.77
    7   88     344.70
    8   88     344.98
    9   88     345.78
   10   88     347.80
   11   88     347.77
   12   88     347.73
   13   88     347.98
   14   88     347.99
   15   88     347.63
   16   88     347.85
   17   88     347.92
   18   88     347.53
   19   88     347.98
   20   88     350.27
   21   88     350.70
    5   89     344.89
    6   89     345.22
    7   89     345.34
    8   89     345.97
    9   89     346.08
   10   89     347.99
   11   89     348.15
   12   89     347.96
   13   89     348.02
   14   89     348.02
   15   89     348.26
   16   89     348.25
   17   89     348.31
   18   89     347.91
   19   89     348.47
   20   89     350.38
   21   89     350.80
    5   90     345.31
    6   90     345.86
    7   90     345.80
    8   90     346.81
    9   90     346.77
   10   90     348.35
   11   90     348.13
   12   90     348.36
   13   90     348.44
   14   90     348.23
   15   90     348.87
   16   90     348.46
   17   90     348.52
   18   90     348.63
   19   90     348.94
   20   90     350.54
    5   91     345.76
    6   91     346.68
    7   91     346.45
    8   91     347.31
    9   91     347.45
   10   91     348.51
   11   91     348.32
   12   91     349.13
   13   91     348.64
   14   91     349.04
   15   91     348.88
   16   91     348.85
   17   91     349.08
    5   92     346.56
    6   92     347.33
    7   92     347.67
    8   92     347.79
    9   92     347.96
   10   92     349.02
   11   92     348.69
   12   92     349.51
   13   92     348.84
   14   92     349.63
   15   92     349.08
    5   93     347.55
    6   93     348.01
    7   93     348.53
    8   93     348.67
    9   93     348.70
   10   93     349.52
   11   93     349.24
   12   93     349.70
   13   93     349.44
   14   93     350.02
    5   94     348.40
    6   94     348.69
    7   94     349.22
    8   94     349.58
    9   94     349.65
   10   94     349.83
   11   94     349.99
   12   94     350.09
   13   94     350.23
   14   94     350.42
    5   95     349.27
    6   95     349.77
    7   95     349.94
    8   95     350.49
    9   95     350.44
   10   95     350.31
   11   95     350.55
   12   95     350.47
   13   95     350.81
    5   96     350.34
    6   96     351.25
    7   96     350.68
    8   96     351.42
    9   96     351.26
   10   96     350.97
   11   96     351.11
   12   96     351.24
   13   96     351.20